nodes   sim1        ana1    sim2        ana2

2       21.031      20      19          20
3       32.287      60      51.755      55.141
4       43.11       102     79.273      78.566
5       55.932      150     120.399     101.759
6       64.945      191     145.441     147.122
7       71.764      266     167.772     169.451
8       79.406      308     188.286     191.287
9       87.002      388     205.824     213.419
10      93.377      432     229.588     235.162
20      155.74
30      211.133
40      265.97