nodes   sim1        ana1    sim2        ana2        

2       21.031      20      19          20
3       32.287      60      59.459      55.141
4       43.11       102     85.297      78.566
5       55.932      150     112.89     101.759
6       64.945      191     134.784     124.633
7       71.764      266     155.164     147.332
8       79.406      308     179.423     169.451
9       87.002      388     199.352     191.287
10      93.377      432     215.771     213.419
11                          230.427     235.252
12                          247.344     257.165
13                          262.955     278.828
14                          281.677     300.151
15                          298.82      321.699
20      155.74              377.59      430.21    
25                          455.186     534.923
30      211.133             535.057     640.353
40      265.97